Number of pages: 8
Number of frames: 3
Size of the reference string: 20
Reference String:
7 0 1 2 0 3 0 4 2 3 0 3 2 1 2 0 1 7 0 1 

FIFO
 7   0   1   2   0   3   0   4   2   3   0   3   2   1   2   0   1   7   0   1  
--------------------------------------------------------------------------------
 7   0   1   2   2   3   0   4   2   3   0   0   0   1   2   2   2   7   0   1  
-1   7   0   1   1   2   3   0   4   2   3   3   3   0   1   1   1   2   7   0  
-1  -1   7   0   0   1   2   3   0   4   2   2   2   3   0   0   0   1   2   7  
 P   P   P   P       P   P   P   P   P   P           P   P           P   P   P  
--------------------------------------------------------------------------------
15 page-faults

Optimal
 7   0   1   2   0   3   0   4   2   3   0   3   2   1   2   0   1   7   0   1  
--------------------------------------------------------------------------------
 7   7   7   2   2   2   2   2   2   2   2   2   2   2   2   2   2   7   7   7  
-1   0   0   0   0   0   0   4   4   4   0   0   0   0   0   0   0   0   0   0  
-1  -1   1   1   1   3   3   3   3   3   3   3   3   1   1   1   1   1   1   1  
 P   P   P   P       P       P           P           P               P          
--------------------------------------------------------------------------------
9 page-faults

LRU
 7   0   1   2   0   3   0   4   2   3   0   3   2   1   2   0   1   7   0   1  
--------------------------------------------------------------------------------
 7   7   7   2   2   2   2   4   4   4   0   0   0   1   1   1   1   1   1   1  
-1   0   0   0   0   0   0   0   0   3   3   3   3   3   3   0   0   0   0   0  
-1  -1   1   1   1   3   3   3   2   2   2   2   2   2   2   2   2   7   7   7  
 P   P   P   P       P       P   P   P   P           P       P       P          
--------------------------------------------------------------------------------
12 page-faults
