Number of pages: 8
Number of frames: 3
Size of the reference string: 10
Reference String:
4 7 6 1 7 6 1 2 7 2 

FIFO
 4   7   6   1   7   6   1   2   7   2  
----------------------------------------
 4   7   6   1   1   1   1   2   7   7  
-1   4   7   6   6   6   6   1   2   2  
-1  -1   4   7   7   7   7   6   1   1  
 P   P   P   P               P   P      
----------------------------------------
6 page-faults

Optimal
 4   7   6   1   7   6   1   2   7   2  
----------------------------------------
 4   4   4   1   1   1   1   2   2   2  
-1   7   7   7   7   7   7   7   7   7  
-1  -1   6   6   6   6   6   6   6   6  
 P   P   P   P               P          
----------------------------------------
5 page-faults

LRU
 4   7   6   1   7   6   1   2   7   2  
----------------------------------------
 4   4   4   1   1   1   1   1   1   1  
-1   7   7   7   7   7   7   2   2   2  
-1  -1   6   6   6   6   6   6   7   7  
 P   P   P   P               P   P      
----------------------------------------
6 page-faults
